80,3
80,2
80,1
80,0
79,5
79,4
79,3
79,2
79,1
79,0
78,4
78,3
78,2
78,1
78,0
77,3
77,2
77,1
77,0
0,198
0,302
76,6
76,5
76,4
76,3
76,2
76,1
76,0
75,4
75,3
75,2
0,427
75,1
75,0
74,5
74,4
74,3
74,2
74,1
74,0
73,4
73,3
73,2
73,1
73,0
72,4
72,3
72,2
72,1
72,0
71,4
71,3
71,2
71,1
71,0
70,4
70,3
70,2
0,447
70,1
70,0
69,5
69,4
0,446
0,445
0,444
69,3
69,2
0,443
69,1
69,0
0,261
0,441
0,439
0,438
68,3
68,2
0,437
68,1
68,0
67,6
67,5
67,4
0,434
0,432
0,431
67,3
67,2
0,430
67,1
67,0
66,7
66,6
66,5
66,4
0,426
0,424
0,423
66,3
66,2
0,422
66,1
66,0
0,417
0,235
65,4
65,3
65,2
0,416
65,1
65,0
0,5
0,411
0,228
64,4
64,3
64,2
0,410
64,1
64,0
0,405
0,221
63,5
63,4
63,3
63,2
0,404
63,1
63,0
0,403
14,8
14,2
14,0
0,401
0,400
62,3
62,2
0,399
62,1
62,0
61,6
61,5
61,4
0,0
0,396
0,394
0,393
61,3
61,2
0,392
61,1
61,0
0,389
60,3
60,2
60,1
60,0
0,199
0,304
59,3
59,2
59,1
59,0
0,193
0,192
58,3
58,2
58,1
58,0
0,58
0,57
57,4
57,3
57,2
57,1
57,0
56,3
56,2
56,1
56,0
0,46
0,45
0,309
55,3
55,2
55,1
55,0
54,4
54,3
54,2
54,1
54,0
53,3
53,2
53,1
53,0
0,63
0,293
52,3
52,2
52,1
52,0
0,56
0,55
51,3
51,2
51,1
51,0
0,49
0,313
0,48
0,312
0,269
50,4
50,3
50,2
0,268
50,1
50,0
0,267
0,265
0,264
49,4
49,3
49,2
0,263
49,1
49,0
0,262
0,260
0,259
48,3
48,2
0,258
48,1
48,0
0,257
0,256
47,7
47,6
47,5
47,4
47,3
47,2
0,255
47,1
47,0
0,254
0,253
46,7
46,6
46,5
46,4
46,3
46,2
0,252
46,1
46,0
0,251
0,250
45,4
45,3
45,2
0,249
45,1
45,0
0,248
0,247
44,8
44,7
44,6
44,5
44,4
44,3
44,2
0,384
0,246
44,1
44,0
14,7
14,6
0,245
0,244
43,8
43,7
43,6
43,5
43,4
43,3
43,2
0,242
43,1
43,0
